42214557526085037728688165711216283088163617142163
76337351043587638114341464514006527835060378121743
51331114525320303053601270022262146434843273686237
44075166268310858481150871687184334237843368112380
21224778484867323843045022863828578877644003800383
56851757305002806632327168263051420555477712058578
01481830067457825245886612115484447852120667718842
12583687853107505826665620404378577742474202623177
83408881756257701112113846125263560835551872815314
26343202540335663385865423202262413610455015436048
61503113370111583671730138546387662842377354205871
22447830874887105071368762683501044433604660237046
51773445152617141150742858774806652386013300531602
25577624336588244160327630365121280684876374336354
55676665836407417702887011074062775032316340285431
74376371104226017466377840323847303161763203585174
31883462616802021372214166410367048203674786201205
56406156343607657463223772424544256637361630566585
68843152868217506431865335617321784470252382077114
50786714641103482168258176801851321517771552721067
01552504701835416853642614871254384638738052230625
82846861120047841688747740602640457534863445354460
03144082570444776388585651825326473246745730628132
36823471107850134382831585261766125276747378007872
81862073323306282584428626158032506063135220738873
30460186648180730057824738265707100755665734166366
48748475008124211733177744258732447383751338585746
11876876560176825883013856750205431307232286277444
35188731568741585603126654701088008742312520455672
41145572641852418087557745304167606116058560503426
64448614714440438777836885145047616243186031034228
28838423464682382557405817560271476066834546871573
84320860261166585200167801827231525744012382334551
22821868708111875172421525781263386860107610444880
36745117768312333528373844087283368081466582668215
20443521232386743075761611875235032508278818674527
36046623680706621213165522114373715253515624182016
18115473178608051031016430120002435514324372610561
63031836740456257417264371060512188104347775480237
71630304423683424603125326086772784241471742248322
83386620678167451827307870063380474667282715036382
05615583473403554878208168642676130777858058220157
87774127414382441241777055168273080487687604473670
65624117381244263230362821686245575870581081833310
25648681635230441476784862230774631168113731717074
64827414857662271718854453788326355680071258383802
30310411576877202241770667852602448184653555835726
51202045844084084810040587770628424032858450847817
42686846677007343148111603405106406715013074211664
65337713633465432808447736157544343682323136588815